rate loglikelihood
0.11168659 -125098.21610135106
0.10610651 -125019.53141696191
0.09810736 -124892.14729587601
0.08320563 -124595.76384105365
0.10282303 -124969.49170997804
0.10126268 -124944.6455499015
0.09700076 -124872.98388746977
0.08720616 -124684.1486512029
0.11372992 -125125.22202249058
0.10264739 -124966.73031303418
0.11187923 -125100.80129808612
0.1097804 -125072.17988884743
0.11990959 -125201.74035136259
0.09869818 -124902.21538227127
0.08002678 -124520.1945147486
0.10897264 -125060.89014045696
0.06946399 -124229.9748592584
0.10280115 -124969.14824709453
0.10171352 -124951.89784474687
0.09759535 -124883.33074247417
0.10471881 -124998.74302807525
0.05740309 -123809.61860530224
0.10393288 -124986.7380624683
0.10603495 -125018.47186746151
0.09520174 -124840.95205756261
0.1018724 -124954.43931746052
0.07017849 -124251.69905833398
0.10264411 -124966.67863896005
0.09199101 -124780.93822839597
0.09215531 -124784.10164687707
0.09240609 -124788.91022144533
0.06265247 -124005.619057341
0.09931568 -124912.61888331012
0.11224304 -125105.66092561965
0.09535923 -124843.8005957811
0.12408447 -125249.56431027346
0.09211489 -124783.32433275027
0.10471468 -124998.68043466208
0.08680466 -124675.59815341285
0.03922335 -122967.66963146371
0.09194208 -124779.9941867653
0.10402449 -124988.14621837
0.01157086 -123442.30048938723
0.08854226 -124712.1114559095
0.09840483 -124897.23053140796
0.12930813 -125305.67708336462
0.1124592 -125108.53449182276
0.09555858 -124847.39397323116
0.09441063 -124826.5109358357
0.01888122 -122328.61491706662
0.08953096 -124732.32728776646
0.09155098 -124772.41581671193
0.11140631 -125094.43998192778
0.07333829 -124343.94910139864
0.08281322 -124586.70008449574
0.02865256 -122452.30879731923
0.07562627 -124407.02732521192
0.06219096 -123989.22756618458
0.11723639 -125169.5393782793
0.08491263 -124634.35690259101
0.11857389 -125185.81383710746
0.07076147 -124269.18364289407
0.08242086 -124577.56439164223
0.03421606 -122710.72683320461
0.06596945 -124118.88544651304
0.0284048 -122442.3161772448
0.06403162 -124053.67149604925
0.06273921 -124008.68225389968
0.07675678 -124437.09752274104
0.06290172 -124014.40632469713
0.07387721 -124359.08046270373
0.02651838 -122373.02817680206
0.06989136 -124243.00810353224
0.06593461 -124117.73629426965
0.05810154 -123836.93017214409
0.06919976 -124221.85776544461
0.06480041 -124079.8614066755
0.08215561 -124571.34646976274
0.06495173 -124084.96697814591
0.04240043 -123130.1623158381
0.0648962 -124083.09523944078
0.08372985 -124607.75901598267
0.06573733 -124111.21330374836
0.07170735 -124297.09968356403
0.02599291 -122356.241810558
0.062425 -123997.55970858251
0.05612798 -123758.7547255663
0.06609895 -124123.14979457419
0.0667052 -124142.95852037003
0.03750303 -122878.81329124587
0.06058805 -123931.05890500596
0.04691785 -123352.46853945972
0.0750719 -124392.02000588216
0.06984256 -124241.52589259199
0.07331583 -124343.31471732173
0.0659661 -124118.7750809512
0.02729593 -122400.00900741354
0.06103665 -123947.53382565109
0.09098669 -124761.3780316877
0.07136368 -124287.02105455371
0.08021096 -124524.70926741256
0.03750689 -122879.01282873019
0.06186645 -123977.60721208643
0.05190479 -123580.90256502415
0.09064854 -124754.70440039254
0.03461984 -122731.08112117513
0.02899867 -122466.56558930146
0.0466984 -123341.9805647805
0.02696796 -122388.33471605684
0.05999889 -123909.18855411663
0.03308244 -122654.3268989318
0.08055727 -124533.15193012312
0.01971731 -122303.29591311378
0.07284722 -124330.01159317166
0.05552764 -123734.35480980195
0.04750517 -123380.36621184119
0.01969964 -122303.71996319543
0.03466028 -122733.12640548876
0.04604158 -123310.38376663093
0.06421377 -124059.91508750185
0.01831989 -122352.22061891714
0.06434437 -124064.37692391317
0.04440065 -123230.16315347637
0.01899258 -122324.59321552608
0.01952951 -122308.03699691824
0.04875763 -123438.99465392943
0.04273369 -123146.9739002841
0.02818697 -122433.68457415307
0.01928051 -122315.14610504526
0.00881459 -124953.1796306054
0.04458933 -123239.47591357134
0.04772475 -123390.73044647773
0.03567151 -122784.58364848077
0.01394166 -122815.17540824879
0.02769732 -122414.84005676117
0.04519647 -123269.28991811867
0.02911138 -122471.27957771937
0.01996379 -122297.8488049413
0.05407576 -123674.13973968216
0.03971791 -122993.16139128595
0.01954289 -122307.68171177141
0.04174192 -123096.78731291123
0.02227726 -122283.15216336308
0.01997411 -122297.63940545509
0.05830904 -123844.96953928033
0.01943534 -122310.61323457224
0.0066262 -127459.9078013485
0.02535206 -122337.54412559257
0.03550155 -122775.89694795404
0.0297741 -122499.65876397767
0.0482071 -123413.37089825587
0.02012838 -122294.68324635502
0.0319315 -122598.52549108953
0.01399568 -122805.1306991597
0.01237855 -123181.35163400901
0.01365838 -122870.39196851164
0.0103212 -123982.60605660712
0.02440209 -122313.9046761283
0.0417683 -123098.1282892523
0.03294822 -122647.73474876375
0.01123433 -123569.6082581901
0.02560707 -122344.73782239553
0.03619239 -122811.28281953128
0.02034178 -122291.12003548135
0.02886632 -122461.07403539147
0.01516815 -122620.66717176452
0.02346994 -122296.2174902645
0.02446944 -122315.40514823422
0.02733865 -122401.55974487432
0.03024072 -122520.2665796553
0.0190638 -122322.13005489734
0.02279003 -122287.32402917084
0.02963963 -122493.8129499046
0.02569007 -122347.15094870664
0.0236123 -122298.52758891613
0.02042816 -122289.84639846206
0.02214255 -122282.44711095784
0.03346331 -122673.13839190295
0.02680094 -122382.55140191237
0.01521908 -122613.95767362925
0.02363643 -122298.9337738293
0.02079306 -122285.49719156796
0.03078892 -122545.06788036115
0.01441674 -122731.80180104895
0.02683303 -122383.65393200445
0.02109953 -122283.07519684541
0.02175959 -122281.38673147008
0.03147755 -122577.0257389261
0.02008366 -122295.50683582299
0.02389529 -122303.55129498048
0.02568576 -122347.02474000634
0.02074203 -122286.0075383132
0.01673849 -122453.65682960446
0.019279 -122315.19220381256
0.02690849 -122386.26284253245
0.02174212 -122281.37274272265
0.02253841 -122284.98927785087
0.02494518 -122326.78519869928
0.01932551 -122313.79007048435
0.02442391 -122314.38783709338
0.01868815 -122336.09402077617
0.02474262 -122321.77595919676
0.02173079 -122281.36531180781
0.0211781 -122282.6273340866
0.02487077 -122324.91734735662
0.02226331 -122283.07135311802
0.02261921 -122285.67982337427
0.02459195 -122318.2064313501
0.02181918 -122281.45746129935
0.02487485 -122325.01916167866
0.02354073 -122297.34765009698
0.02093275 -122284.25803729886
0.02177311 -122281.39966437664
0.02201617 -122281.94034314406
0.02498676 -122327.84258661572
0.02289949 -122288.50643041349
0.02325342 -122292.99295658902
0.02176083 -122281.38784299088
0.02197216 -122281.7996955634
0.02555832 -122343.336956699
0.02223987 -122282.93963399067
0.02076505 -122285.77337542029
0.02546055 -122340.56359263186
0.02200641 -122281.90755249462
0.02341692 -122295.39527862705
0.02213308 -122282.40386862919
0.02218619 -122282.65706031775
0.02377244 -122301.30115446908
0.02293017 -122288.85562867823
0.02181689 -122281.45408750542
0.02074043 -122286.02404397615
0.0231032 -122290.96727344475
0.02235997 -122283.66776991215
0.02123748 -122282.33452698575
0.02439035 -122313.64621274645
0.0221846 -122282.64908317463
0.02249481 -122284.64025941482
0.02260794 -122285.58006236458
0.02108324 -122283.1767447776
0.02314378 -122291.49709158059
0.02242794 -122284.13768899575
0.02228686 -122283.2088112696
0.02344398 -122295.81228049097
0.02220868 -122282.77220605446
0.02099968 -122283.7450197888
0.02217969 -122282.62464267785
0.02227115 -122283.11656154467
0.0228759 -122288.24326223836
0.0222357 -122282.91673544983
0.0204284 -122289.8429966731
0.02217969 -122282.62464267785
0.02227115 -122283.11656154467
0.0222357 -122282.91673544983
0.02099968 -122283.7450197888
0.0228759 -122288.24326223836
0.02180667 -122281.43966505998
0.02226184 -122283.06298270574
0.02126777 -122282.20009064984
0.02217275 -122282.59051000343
0.02442287 -122314.36474203324
0.02156501 -122281.406113395
0.02230774 -122283.33491789293
0.01972699 -122303.0656777528
0.02232607 -122283.44888752792
0.02237224 -122283.74951616382
0.02197728 -122281.81509025684
0.02157803 -122281.39267421351
0.02217247 -122282.58912482313
0.02271649 -122286.58580291258
0.02113349 -122282.8731241245
0.02189731 -122281.60359529688
0.02162297 -122281.35979463746
0.02243587 -122284.19524566215
0.02079834 -122285.44613087448
0.02206645 -122282.12379969996
0.02177013 -122281.39665665854
0.02169013 -122281.34932794214
0.02166954 -122281.34763788486
0.02085665 -122284.90457641409
0.02201023 -122281.92027929386
0.02172936 -122281.36446482266
0.0213873 -122281.76727798808
0.02162807 -122281.35738047572
0.02071171 -122286.32556329947
0.02189715 -122281.60323158791
0.0217854 -122281.41301434167
0.02165383 -122281.34925567328
0.02112371 -122282.92998476193
0.02162215 -122281.36020609153
0.02193135 -122281.68601239653
0.0216305 -122281.35632062437
0.02152449 -122281.45919534097
0.02093952 -122284.20379232975
0.02258444 -122285.3756576018
0.0215831 -122281.38791819992
0.02181175 -122281.44669854053
0.02163108 -122281.35607844904
0.02094475 -122284.16220660404
0.02140992 -122281.70271526075
0.02158436 -122281.3867804366
0.02263317 -122285.80483026699
0.02166762 -122281.34770049991
0.02139247 -122281.7520401596
0.02042291 -122289.92102004084
0.0214977 -122281.50373929992
0.02184995 -122281.50781419771
0.02206761 -122282.12830514014
0.02132248 -122281.98277116052
0.02109642 -122283.09436947055
0.0215203 -122281.4656754803
0.02182285 -122281.4629642713
0.02137386 -122281.8082491001
0.02105824 -122283.33846836102
0.02164656 -122281.35086099837
0.02154848 -122281.42569349444
0.0216622 -122281.34808034054
0.02141943 -122281.6772132952
0.02163589 -122281.35419538875
0.022029 -122281.98486325731
0.02087745 -122284.72112724281
0.02183958 -122281.4897896438
0.02140346 -122281.72061041146
0.02109337 -122283.11327109384
0.02164474 -122281.35134479133
0.02165335 -122281.34934594118
0.02160757 -122281.36871124593
0.02147135 -122281.55490021389
0.02142428 -122281.66456668111
0.02163913 -122281.35305933656
0.02115594 -122282.74668576772
0.02175253 -122281.38071168236
0.02110633 -122283.03371115934
0.02180194 -122281.43334887785
0.02165882 -122281.34846874732
0.02137651 -122281.80002745343
0.02161921 -122281.36174911272
0.02097876 -122283.89981750908
0.02129115 -122282.10325171053
0.02172595 -122281.36253298898
0.02212117 -122282.35071907096
0.02159929 -122281.37452450709
0.02120082 -122282.51068113653
0.0218945 -122281.59728384523
0.02205023 -122282.06198118042
0.0213814 -122281.78504586575
0.02157743 -122281.39325292727
0.02138534 -122281.77313758883
0.02110386 -122283.04874977881
0.02159685 -122281.37636866192
0.02190385 -122281.61854925114
0.0215742 -122281.39644324871
0.02130397 -122282.05265695977
0.02176578 -122281.39242350483
0.02160122 -122281.37310763008
0.02124191 -122282.31424033159
0.02164158 -122281.35226942901
0.02179744 -122281.42754209577
0.02164824 -122281.35044186063
0.0210004 -122283.7397723207
0.0211582 -122282.734255536
0.02172155 -122281.36020921907
0.02183568 -122281.48329355128
0.02184032 -122281.49104274852
0.02105997 -122283.32700701378
0.0208071 -122285.36214703936
0.02152862 -122281.45300118827
0.02206674 -122282.12490351131
0.02183252 -122281.47813589848
0.02113798 -122282.84738431776
0.02147917 -122281.53894451541
0.02151155 -122281.47976416213
0.02088163 -122284.68488481606
0.02168913 -122281.34914647599
0.02258321 -122285.36514003125
0.02158418 -122281.38694065656
0.02168262 -122281.34821198127
0.02164888 -122281.3502883293
0.02164734 -122281.35066305437
0.02156448 -122281.40669572244
0.0209557 -122284.07631123497
0.02158702 -122281.38442564123
0.02170856 -122281.3544971833
0.02111307 -122282.99309901835
0.02212607 -122282.37245485159
0.0216865 -122281.34871727636
0.02160811 -122281.3683583258
0.02077249 -122285.69910610939
0.0217145 -122281.35689837679
0.02176351 -122281.3902910609
0.02164239 -122281.35202348087
0.02154467 -122281.43061343858
0.0217883 -122281.41638218611
0.02125355 -122282.26194353696
0.02102438 -122283.56877695685
0.02178128 -122281.40836214583
0.02174148 -122281.37228660076
0.02156043 -122281.41125414622
0.02250599 -122284.7281955394
0.02107291 -122283.24267766443
0.02134858 -122281.8905561454
0.02162333 -122281.35961571072
0.02139714 -122281.73853151596
0.02176245 -122281.38931857137
0.02175487 -122281.38265221515
0.02112242 -122282.93758493177
0.02183976 -122281.49010500945
0.02133792 -122281.92732199708
0.02180983 -122281.44401570031
0.02177254 -122281.39908235589
0.02107253 -122283.24513910597
0.02179663 -122281.42652713621
0.02100495 -122283.70681240801
0.02105485 -122283.36088863813
0.0218449 -122281.49890733323
0.02180452 -122281.43677370211
0.02239894 -122283.93212536401
0.0220513 -122282.0659732432
0.02126936 -122282.19330907137
0.02118999 -122282.56560847526
0.02177302 -122281.39957460642
0.02212609 -122282.37254711383
0.02210287 -122282.27168398832
0.02161877 -122281.36198387525
0.02151638 -122281.4718805257
0.02167337 -122281.34762527117
0.02196318 -122281.77329945801
0.0215929 -122281.379489518
0.02151681 -122281.47119940315
0.02171535 -122281.35727031203
0.02151939 -122281.4670930817
0.02174071 -122281.37174229641
0.02180909 -122281.44298814292
0.02151536 -122281.47353934307
0.02163821 -122281.35336914567
0.02157362 -122281.39702836354
0.02180287 -122281.43457441645
0.02158958 -122281.38223586498
0.02155991 -122281.41184860532
0.0217253 -122281.36217423566
0.02162012 -122281.36126132213
0.02182279 -122281.46287182192
0.02158803 -122281.38355363446
0.02135546 -122281.86748673227
0.02192043 -122281.65832672539
0.02164047 -122281.35261799232
0.02176774 -122281.39431140039
0.0215269 -122281.45556604856
0.02151309 -122281.47722898534
0.02186467 -122281.53520669784
0.02157131 -122281.39939131215
0.02189154 -122281.59072703467
0.02147585 -122281.54564868165
0.02151378 -122281.47610402777
0.02177597 -122281.40263391277
0.02152465 -122281.45896093364
0.02171246 -122281.35603389397
0.02183892 -122281.48867465285
0.02160177 -122281.3727048232
0.0215103 -122281.48185887876
0.02150064 -122281.49847547813
0.02164694 -122281.35076169675
0.02149853 -122281.50224425964
0.021663 -122281.34800525544
0.02177079 -122281.39731900195
0.02152163 -122281.46360042106
0.02151355 -122281.47647929062
0.02156525 -122281.40584835199
0.02169325 -122281.34996182351
0.02161632 -122281.36334934442
0.02178019 -122281.40716339246
0.02165159 -122281.34969242637
0.02179773 -122281.42791671219
0.02153439 -122281.44464063775
0.02156071 -122281.41093416495
0.02173393 -122281.36723677946
0.0216833 -122281.34828914018
0.02179613 -122281.4258995339
0.02158568 -122281.38560376955
0.02151489 -122281.47428946837
0.02174674 -122281.3761416765
0.02163319 -122281.35522074897
0.02177262 -122281.39915894766
0.02155354 -122281.41940129173
0.02130831 -122282.03595127397
0.0217108 -122281.35535899355
0.021543 -122281.43281936603
0.02157032 -122281.40041671251
0.02173947 -122281.37088908676
0.02160458 -122281.37072853225
0.02193294 -122281.69013146717
0.02200884 -122281.91563030067
0.02163026 -122281.35642246853
0.02154546 -122281.42958994712
0.02158417 -122281.38695182934
0.02181325 -122281.44882624772
0.02154345 -122281.4322224992
0.0223809 -122283.80801101214
0.02154611 -122281.42874455226
0.02171746 -122281.35822635713
0.02184391 -122281.49719477333
0.02146255 -122281.5736191428
0.02217193 -122282.58648639903
0.02141324 -122281.69370616702
0.02186746 -122281.54063914939
0.02200438 -122281.90083060198
0.02125937 -122282.23637382852
0.02124801 -122282.28666103115
0.02205571 -122282.08258171716
0.02218061 -122282.629234035
0.02200501 -122281.9029404225
0.02148205 -122281.53324368835
0.02213766 -122282.42468184832
0.02087861 -122284.71105134513
0.0221606 -122282.53179578872
0.02206182 -122282.10589563745
0.02154763 -122281.42678171124
0.02214181 -122282.4436666566
0.02210254 -122282.27030055891
0.02211958 -122282.34373397028
0.02144658 -122281.60967941942
0.02214146 -122282.44208406242
0.02211383 -122282.31863173265
0.02146139 -122281.57614792092
0.02154955 -122281.42434887025
0.02210727 -122282.29040773114